0 0.10066
100 0.10071714285714285
200 0.09962857142857143
300 0.10023714285714286
400 0.10019428571428571
500 0.10128
600 0.10099714285714285
700 0.09954571428571428
800 0.10329714285714285
900 0.10574285714285714
1000 0.11192
1100 0.12870571428571428
1200 0.20355142857142858
1300 0.33436285714285713
1400 0.4843342857142857
1500 0.6170257142857143
1600 0.6948885714285714
1700 0.7392314285714285
1800 0.7685371428571428
1900 0.7903685714285714
2000 0.7849685714285715
2100 0.8256628571428571
2200 0.8601628571428571
2300 0.8792457142857143
2400 0.8796428571428572
2500 0.8779942857142857
2600 0.8778428571428571
2700 0.8777085714285714
2800 0.8781485714285714
2900 0.8794885714285714
3000 0.8812428571428571
3100 0.88286
3200 0.8846771428571428
3300 0.8860371428571429
3400 0.8870057142857143
3500 0.8874
3600 0.8884171428571429
3700 0.8894342857142857
3800 0.8901714285714286
3900 0.8904257142857143
4000 0.8906628571428571
4100 0.8911228571428571
4200 0.891
4300 0.8918857142857143
4400 0.8919914285714285
4500 0.8920685714285714
4600 0.8917
4700 0.8922085714285715
4800 0.8920171428571428
4900 0.8921942857142857
