0 0.10007228571428571
100 0.10047371428571429
200 0.10030942857142858
300 0.100482
400 0.10035971428571429
500 0.10024514285714285
600 0.10031057142857143
700 0.10028028571428571
800 0.10169485714285714
900 0.103384
1000 0.108334
1100 0.12633714285714287
1200 0.19869857142857142
1300 0.328888
1400 0.47567514285714285
1500 0.609776
1600 0.6874411428571429
1700 0.7309125714285715
1800 0.761634
1900 0.7828794285714286
2000 0.7783265714285714
2100 0.8192628571428572
2200 0.8541668571428571
2300 0.8755365714285714
2400 0.876444
2500 0.8754782857142858
2600 0.8746465714285714
2700 0.8746634285714285
2800 0.8751602857142857
2900 0.8769737142857142
3000 0.8787205714285714
3100 0.8801454285714285
3200 0.8818648571428571
3300 0.882938
3400 0.8840865714285714
3500 0.8850414285714285
3600 0.8857874285714286
3700 0.886414
3800 0.8869631428571428
3900 0.887444
4000 0.8878508571428572
4100 0.8882662857142857
4200 0.8885411428571428
4300 0.8888117142857143
4400 0.8890574285714286
4500 0.8893111428571429
4600 0.8895582857142857
4700 0.8897257142857142
4800 0.8899891428571428
4900 0.8901591428571428
