0 0.10007142857142858
100 0.10046571428571428
200 0.1006847619047619
300 0.10059904761904762
400 0.10005619047619048
500 0.10029333333333333
600 0.10068761904761905
700 0.10035904761904763
800 0.10213619047619048
900 0.1043152380952381
1000 0.1099752380952381
1100 0.12783142857142857
1200 0.20138380952380952
1300 0.3328333333333333
1400 0.4799942857142857
1500 0.6140638095238096
1600 0.6916457142857143
1700 0.7353542857142857
1800 0.7656857142857143
1900 0.7872161904761905
2000 0.7821447619047619
2100 0.8231171428571429
2200 0.8575219047619047
2300 0.8774314285714285
2400 0.8779047619047619
2500 0.8767571428571429
2600 0.8759866666666667
2700 0.8762228571428572
2800 0.8768409523809524
2900 0.8789352380952381
3000 0.88022
3100 0.8817657142857143
3200 0.8829457142857143
3300 0.8842761904761904
3400 0.8854009523809524
3500 0.8861028571428572
3600 0.8869561904761905
3700 0.8878561904761905
3800 0.8883933333333334
3900 0.8888104761904762
4000 0.8892295238095238
4100 0.8895419047619048
4200 0.8896485714285715
4300 0.8900285714285714
4400 0.8903666666666666
4500 0.8906695238095238
4600 0.8907285714285714
4700 0.8908104761904762
4800 0.890967619047619
4900 0.8911619047619047
