0 0.19968473749050544
100 0.1997103463536584
200 0.19920289305564706
300 0.19909623089746634
400 0.19902661457044862
500 0.1994582357979585
600 0.20006663277014552
700 0.2003023337630484
800 0.20147984420860532
900 0.2034676389747007
1000 0.21057123925764132
1100 0.22445049719732127
1200 0.25272044445052205
1300 0.2837317832097851
1400 0.3246435581899258
1500 0.3614850157071838
1600 0.3924762154575595
1700 0.4218214863334448
1800 0.4474286090782177
1900 0.4737294087957743
2000 0.4975125837726828
2100 0.5195931422945292
2200 0.5333585278135874
2300 0.54619030866139
2400 0.5562757254083432
2500 0.5667728730036586
2600 0.5752837176113147
2700 0.5849133960460412
2800 0.5915712032063292
2900 0.5967685592776809
3000 0.5984358703097553
3100 0.6043515176980864
3200 0.6060024191673639
3300 0.6093529535348312
3400 0.6121652045166078
3500 0.614219880682588
3600 0.6165194571418271
3700 0.6197031609541912
3800 0.620641240960755
3900 0.6201850053890496
4000 0.6203239894133457
4100 0.6226108857558779
4200 0.6251295050154834
4300 0.6274832827579006
4400 0.6262418744693309
4500 0.6256419309082817
4600 0.6255748008786575
4700 0.6264141748786998
4800 0.6308721061052276
4900 0.6357004956433854
