0 0.19942127284337527
100 0.19932836819743854
200 0.19931892026734327
300 0.19930383672982277
400 0.19917546090773888
500 0.19937602223081377
600 0.19971979428375367
700 0.20010782243029768
800 0.20107051678105706
900 0.20340456989748582
1000 0.2101518837639393
1100 0.22417949078143085
1200 0.25204508320187036
1300 0.28339207210925454
1400 0.32395261614427484
1500 0.3607828853232622
1600 0.39215051049901234
1700 0.4213465206547084
1800 0.4468089408911802
1900 0.47267546733067384
2000 0.4966144502775744
2100 0.5188029969828781
2200 0.5323811643082064
2300 0.5454770728157774
2400 0.55563533807636
2500 0.566003529713533
2600 0.5742867123565251
2700 0.5841063439121144
2800 0.5908991570208687
2900 0.5961353822081388
3000 0.5980117908510058
3100 0.6034820594995829
3200 0.6051455582089874
3300 0.6088040619469284
3400 0.6111952170268276
3500 0.6134653723002436
3600 0.6155887531508639
3700 0.6186913207916205
3800 0.6200777630948104
3900 0.6196937959006757
4000 0.6195459440823429
4100 0.6218292767319444
4200 0.6245064388886747
4300 0.626863200187964
4400 0.6256631473127062
4500 0.6251599207202638
4600 0.6248265082397968
4700 0.6258475477027233
4800 0.6303610891142856
4900 0.635180859488146
