0 0.1995859568950621
100 0.1995262608946444
200 0.19947074187384775
300 0.19950535113356513
400 0.1993374763335567
500 0.19946310894084973
600 0.19959468379891324
700 0.19995251171978434
800 0.20103335492268237
900 0.20327470229696584
1000 0.20901857139838068
1100 0.22626198861524424
1200 0.25434775095753526
1300 0.28102365836284776
1400 0.3130619373975179
1500 0.3460446862230532
1600 0.3784786843508713
1700 0.4155019647965152
1800 0.45536434823578553
1900 0.4853929779502716
2000 0.5138770202720258
2100 0.530153168350926
2200 0.5433412356152156
2300 0.552904952580093
2400 0.5587776864754124
2500 0.5598392608735109
2600 0.5610265673307981
2700 0.5651871125260906
2800 0.5697585432286312
2900 0.5777451271678959
3000 0.582388958850535
3100 0.5879180367201262
3200 0.5952543793020715
3300 0.5993007039951069
3400 0.6003873154079579
3500 0.6009771397386156
3600 0.6029527765104568
3700 0.6064756361502669
3800 0.6084907553247166
3900 0.6098410385761472
4000 0.6103353144979731
4100 0.6104943380792607
4200 0.6115705070430589
4300 0.6113799323478479
4400 0.6128518701307419
4500 0.6154538549419512
4600 0.6170355876177417
4700 0.6176851825377389
4800 0.6174497550375493
4900 0.6180919656542878
