0 0.10007142857142858
100 0.107
200 0.12018380952380953
300 0.15148
400 0.21663142857142856
500 0.31525619047619047
600 0.42557333333333336
700 0.510655238095238
800 0.5737447619047619
900 0.6362780952380952
1000 0.681412380952381
1100 0.7170180952380952
1200 0.7496704761904762
1300 0.7834980952380952
1400 0.80654
1500 0.8183495238095239
1600 0.8342133333333334
1700 0.8455780952380952
1800 0.850244761904762
1900 0.8539914285714286
2000 0.8534019047619048
2100 0.8524571428571428
2200 0.8514238095238095
2300 0.8721209523809523
2400 0.8777761904761905
2500 0.8796942857142858
2600 0.8825352380952382
2700 0.8863114285714285
2800 0.8930485714285714
2900 0.9002019047619048
3000 0.90526
3100 0.906087619047619
3200 0.9057152380952381
3300 0.9041619047619047
3400 0.9029361904761904
3500 0.9021552380952381
3600 0.9025028571428572
3700 0.9031819047619047
3800 0.9038457142857143
3900 0.905
4000 0.9060209523809524
4100 0.907207619047619
4200 0.9081761904761905
4300 0.9087209523809524
4400 0.9088571428571428
4500 0.9090685714285714
4600 0.9089828571428571
4700 0.9090190476190476
4800 0.9090580952380952
4900 0.9090095238095238
