0 0.10066
100 0.10878571428571429
200 0.12198
300 0.15445714285714285
400 0.21883142857142857
500 0.3177714285714286
600 0.4291142857142857
700 0.5135
800 0.57748
900 0.6400942857142857
1000 0.68486
1100 0.7208257142857143
1200 0.75256
1300 0.7869
1400 0.8098571428571428
1500 0.8212085714285714
1600 0.8369028571428572
1700 0.8481057142857142
1800 0.8519971428571429
1900 0.8561571428571428
2000 0.8559514285714286
2100 0.85538
2200 0.8535628571428572
2300 0.8744828571428571
2400 0.8791828571428572
2500 0.88182
2600 0.8844714285714286
2700 0.88828
2800 0.8949171428571429
2900 0.9024542857142858
3000 0.9074285714285715
3100 0.9076657142857143
3200 0.9074714285714286
3300 0.9060142857142857
3400 0.9044485714285714
3500 0.9038714285714285
3600 0.9035942857142857
3700 0.9044114285714285
3800 0.90532
3900 0.9064771428571429
4000 0.9074228571428572
4100 0.9084114285714285
4200 0.9095057142857143
4300 0.9099542857142857
4400 0.9102028571428571
4500 0.9101171428571428
4600 0.9101457142857143
4700 0.9100771428571428
4800 0.9102571428571429
4900 0.9099657142857143
