0 0.1995859568950621
100 0.21571757650647866
200 0.3068676506602984
300 0.3942581696624478
400 0.42839699705000817
500 0.4492377385136168
600 0.4752618879201998
700 0.49283583351255394
800 0.49899250257020994
900 0.5079506569419288
1000 0.5184331602455965
1100 0.5316650112069855
1200 0.5376392108989333
1300 0.5410430266195431
1400 0.5505281019978643
1500 0.5558004447986037
1600 0.5585373858323316
1700 0.5668713801063887
1800 0.57785054617738
1900 0.5858640069914682
2000 0.5950913030560324
2100 0.6062725802421405
2200 0.6137719493441769
2300 0.614758412698018
2400 0.6180164070764996
2500 0.6231288063659158
2600 0.6284854346482945
2700 0.630515198114392
2800 0.6325706947585121
2900 0.6370184073027527
3000 0.6410466317507636
3100 0.6418014965024011
3200 0.6431211734329179
3300 0.6476675173947581
3400 0.6480644796366027
3500 0.6439526161442749
3600 0.6459480189803943
3700 0.6520932013440923
3800 0.6582168523723628
3900 0.6653702531920951
4000 0.6664002764762702
4100 0.6670376885390392
4200 0.6660367052084201
4300 0.6675300748748461
4400 0.6697149087093754
4500 0.6747895660043585
4600 0.6723665200165587
4700 0.6730974665872709
4800 0.6742207508866758
4900 0.6759180963912637
