0 0.10007228571428571
100 0.10569
200 0.11876942857142857
300 0.1490857142857143
400 0.21397
500 0.3116757142857143
600 0.42225142857142856
700 0.5053725714285714
800 0.5687171428571428
900 0.6309517142857143
1000 0.6760471428571428
1100 0.711522
1200 0.7445325714285714
1300 0.7788985714285714
1400 0.8021922857142857
1500 0.8145294285714286
1600 0.8304051428571428
1700 0.8426345714285715
1800 0.847454
1900 0.8512068571428572
2000 0.8508982857142857
2100 0.8501388571428572
2200 0.8488965714285714
2300 0.8703508571428571
2400 0.8757657142857143
2500 0.8777957142857142
2600 0.8805128571428571
2700 0.8844705714285714
2800 0.8913648571428572
2900 0.8989817142857143
3000 0.9041934285714286
3100 0.9050985714285714
3200 0.9043142857142857
3300 0.9029071428571429
3400 0.9017411428571429
3500 0.9010977142857143
3600 0.9012642857142857
3700 0.9018742857142857
3800 0.9025422857142857
3900 0.9035748571428571
4000 0.9048217142857143
4100 0.9059591428571429
4200 0.9068162857142857
4300 0.9072151428571429
4400 0.9074762857142857
4500 0.9075357142857143
4600 0.9075382857142857
4700 0.9075788571428571
4800 0.9075457142857143
4900 0.9074748571428571
