0 0.19976181270970364
100 0.21720443207373363
200 0.30970662933905513
300 0.39744110272261995
400 0.43131168348439664
500 0.4523589368095086
600 0.4779101178629279
700 0.495443984341299
800 0.5010045884618397
900 0.510163859429718
1000 0.5210446427128488
1100 0.5339741350482156
1200 0.5400906752659406
1300 0.5433183865421695
1400 0.5527951576871964
1500 0.5579915192395908
1600 0.5610770143049121
1700 0.5691960184433541
1800 0.5798159891299078
1900 0.5877753729756877
2000 0.5971367799216568
2100 0.6085120877563528
2200 0.615662430430291
2300 0.6168143320126951
2400 0.6200567124435455
2500 0.6253850963875343
2600 0.6304205944985698
2700 0.6324379762036476
2800 0.6345321844981844
2900 0.6398712595209651
3000 0.6433132896325128
3100 0.6435760912670048
3200 0.6454741306971951
3300 0.6503400633259946
3400 0.6504454823354786
3500 0.6460467249869158
3600 0.6481357120569262
3700 0.6541605079008316
3800 0.6601074826363206
3900 0.6673478292759032
4000 0.6683878474756001
4100 0.6696242831693827
4200 0.6677431505614682
4300 0.6691034038654465
4400 0.6719278377044513
4500 0.6770714897521037
4600 0.6746359128254408
4700 0.6747788749255664
4800 0.6763646354031345
4900 0.6777706365791532
