0 0.19953904046324694
100 0.21641519840446008
200 0.3088475307130245
300 0.39650633777924743
400 0.4305199635177296
500 0.45123380436237454
600 0.4770428973320786
700 0.4946401643939837
800 0.5007410409381298
900 0.5096746389792589
1000 0.5202202693737473
1100 0.53345300711454
1200 0.5392885957268007
1300 0.5425353686163796
1400 0.5523710782284468
1500 0.5574126263298065
1600 0.5603946085469788
1700 0.5684639696141308
1800 0.5794040096518065
1900 0.5873363757325771
2000 0.5966222821143639
2100 0.6077784642721137
2200 0.6150768245175443
2300 0.6162939499682375
2400 0.6195658344614908
2500 0.6246421078497796
2600 0.6300092780331067
2700 0.6320023769003081
2800 0.6340422181585073
2900 0.6387682551206331
3000 0.6424759046703853
3100 0.6431430611376385
3200 0.6445788150057993
3300 0.6493307094608174
3400 0.6495356632426208
3500 0.6454571409983396
3600 0.647417420739947
3700 0.6532351908875543
3800 0.6595300815049724
3900 0.6668674766194809
4000 0.6677651128551106
4100 0.6685275773891143
4200 0.6673929970118849
4300 0.6687302106266837
4400 0.6710546500598576
4500 0.6763092738478395
4600 0.6736900424203773
4700 0.6744069248355004
4800 0.6755167251153745
4900 0.6771806382076779
