0 0.10066
100 0.1507257142857143
200 0.26126571428571427
300 0.39936
400 0.5193542857142858
500 0.6129371428571428
600 0.6781
700 0.7197914285714285
800 0.7543914285714286
900 0.7741028571428571
1000 0.7877571428571428
1100 0.8093828571428572
1200 0.8473571428571428
1300 0.8700857142857142
1400 0.87658
1500 0.8796914285714286
1600 0.8792057142857143
1700 0.8809828571428572
1800 0.88102
1900 0.8818371428571429
2000 0.8849828571428572
2100 0.8880828571428572
2200 0.8917342857142857
2300 0.8952657142857143
2400 0.8966085714285714
2500 0.8967514285714285
2600 0.8975228571428572
2700 0.8978
2800 0.8980828571428572
2900 0.8985
3000 0.8984971428571429
3100 0.8991142857142858
3200 0.8989257142857143
3300 0.8996514285714285
3400 0.8995171428571429
3500 0.8999114285714286
3600 0.9001885714285714
3700 0.90036
3800 0.9004171428571428
3900 0.9005371428571428
4000 0.9005257142857143
4100 0.9007542857142857
4200 0.9012657142857143
4300 0.9013257142857143
4400 0.90188
4500 0.9022342857142858
4600 0.9020657142857142
4700 0.9022542857142857
4800 0.9024371428571428
4900 0.9024742857142857
