0 0.10007142857142858
100 0.1489904761904762
200 0.2596257142857143
300 0.3967657142857143
400 0.5170647619047619
500 0.609675238095238
600 0.6749142857142857
700 0.7169561904761905
800 0.7515514285714285
900 0.7709295238095238
1000 0.7846923809523809
1100 0.806632380952381
1200 0.8448342857142858
1300 0.8675752380952381
1400 0.8748
1500 0.877312380952381
1600 0.8778342857142857
1700 0.8788247619047619
1800 0.87904
1900 0.8797761904761905
2000 0.8826990476190476
2100 0.8859895238095238
2200 0.8897828571428571
2300 0.8934219047619048
2400 0.8948419047619047
2500 0.8949314285714286
2600 0.8953295238095238
2700 0.8961323809523809
2800 0.8965485714285715
2900 0.8970809523809524
3000 0.8974142857142857
3100 0.8975342857142857
3200 0.8978352380952381
3300 0.8982609523809524
3400 0.898512380952381
3500 0.89866
3600 0.8990409523809524
3700 0.8991657142857142
3800 0.8993552380952381
3900 0.8995085714285714
4000 0.8998609523809524
4100 0.9002542857142857
4200 0.900412380952381
4300 0.9004057142857143
4400 0.9004790476190476
4500 0.9005428571428571
4600 0.9006057142857142
4700 0.9008685714285715
4800 0.90086
4900 0.9006647619047619
