0 0.1995859568950621
100 0.3652635661709404
200 0.44504400124812127
300 0.47028593663173834
400 0.4866432125945881
500 0.5168217163159537
600 0.5330625589718663
700 0.5469338358969131
800 0.5551345646306791
900 0.5598138757771234
1000 0.5675695572774546
1100 0.5768578919430289
1200 0.5845624303059762
1300 0.5941075249033763
1400 0.5982630726409078
1500 0.601436433456115
1600 0.6032871586469072
1700 0.6057469521101827
1800 0.6079089120086921
1900 0.6107558965650558
2000 0.6113156864232001
2100 0.6128590555302091
2200 0.6163292553912251
2300 0.6198091518120757
2400 0.6214259164181405
2500 0.622574560950959
2600 0.6241425941281115
2700 0.6259681082633337
2800 0.627857395926699
2900 0.6292639440881442
3000 0.629139554629548
3100 0.6290110876432262
3200 0.63047626269721
3300 0.6315568821333426
3400 0.6322053084935648
3500 0.6340640395619641
3600 0.6362798526620165
3700 0.6408653060818563
3800 0.6427558617568924
3900 0.6436772835709198
4000 0.6451882313599177
4100 0.6451183166772128
4200 0.6443272017095781
4300 0.6438704688783939
4400 0.6436700733084787
4500 0.6440487861274551
4600 0.6437188793263129
4700 0.6434215181580515
4800 0.6436266376930144
4900 0.6442441096506877
