0 0.10007228571428571
100 0.146586
200 0.25652857142857144
300 0.39261
400 0.5115157142857143
500 0.6041205714285715
600 0.6693217142857143
700 0.7111117142857143
800 0.746178
900 0.7664162857142857
1000 0.7804608571428572
1100 0.8029068571428571
1200 0.841756
1300 0.8653582857142857
1400 0.8728677142857143
1500 0.8753851428571429
1600 0.8759345714285715
1700 0.8763837142857143
1800 0.877234
1900 0.877636
2000 0.880504
2100 0.883506
2200 0.8872891428571429
2300 0.8911265714285714
2400 0.8928014285714285
2500 0.8934074285714285
2600 0.8939551428571428
2700 0.8944431428571429
2800 0.894946
2900 0.8953022857142857
3000 0.895782
3100 0.8961171428571428
3200 0.8963828571428571
3300 0.896706
3400 0.8971171428571428
3500 0.8974362857142857
3600 0.8977417142857143
3700 0.8980768571428571
3800 0.8983042857142857
3900 0.8985474285714286
4000 0.8987642857142857
4100 0.898938
4200 0.8991688571428571
4300 0.8993122857142857
4400 0.8994254285714286
4500 0.8995174285714286
4600 0.8995054285714286
4700 0.8995971428571429
4800 0.8995531428571428
4900 0.8994945714285715
