0 0.19942127284337527
100 0.2806516751221497
200 0.3935432514222657
300 0.4247224152555893
400 0.46254355682246223
500 0.4910018825415098
600 0.5096070945667357
700 0.5258629213082732
800 0.5344067507946828
900 0.546616128528315
1000 0.5535566277022427
1100 0.5618856410938549
1200 0.5664918385216144
1300 0.5745774433984039
1400 0.5771238263122367
1500 0.5801639050118369
1600 0.583611902237129
1700 0.5866788329485788
1800 0.5895748721525161
1900 0.5900895357129685
2000 0.5903323640917327
2100 0.5903101531683509
2200 0.5916767879689727
2300 0.5953094342140213
2400 0.6006582886732164
2500 0.6041231098442045
2600 0.6064993471397427
2700 0.6112295279308577
2800 0.6143916838324782
2900 0.6176558608038116
3000 0.6176430149339452
3100 0.6190828297545155
3200 0.6199473982348117
3300 0.6211680045018558
3400 0.6204793830004388
3500 0.621070541644031
3600 0.6221361687068808
3700 0.6227539307325833
3800 0.6234914494160724
3900 0.624066364250027
4000 0.6246437653813752
4100 0.6248263424866372
4200 0.6264126831002637
4300 0.6268839193329099
4400 0.6279767299139285
4500 0.6287164862650716
4600 0.629642134784668
4700 0.6297386031235355
4800 0.6284257552231929
4900 0.628416887429156
