0 0.19976181270970364
100 0.3693611085902818
200 0.44800915951959763
300 0.4731662624361488
400 0.4892906469221503
500 0.5194837452092157
600 0.5357356767515032
700 0.5495336327664161
800 0.5574761097899203
900 0.562482518221452
1000 0.5702370311620084
1100 0.5791369813117456
1200 0.5868101923275348
1300 0.596072644637243
1400 0.6000532067642207
1500 0.6035496867886858
1600 0.6051312205606849
1700 0.607828355973143
1800 0.6100911352309584
1900 0.612971013501838
2000 0.6130998037068208
2100 0.6147879996370006
2200 0.6182586221685734
2300 0.621771760385575
2400 0.6232133156143206
2500 0.6244974882180582
2600 0.6260307878206236
2700 0.6281215152988094
2800 0.6298452652817161
2900 0.6313880128143767
3000 0.6309128813824808
3100 0.6308338171253678
3200 0.6324829781864698
3300 0.6338633704993355
3400 0.6343151307357326
3500 0.6359521089396066
3600 0.6384980774705404
3700 0.6433321854927033
3800 0.6450146629388781
3900 0.6459239018956775
4000 0.647175255373821
4100 0.647358246861982
4200 0.646420166855418
4300 0.6458460807872612
4400 0.6457879014282535
4500 0.6460129113423644
4600 0.645922161487502
4700 0.6456210708731503
4800 0.6456782557132006
4900 0.6460914783399987
