0 0.10007142857142858
100 0.14902190476190477
200 0.26155428571428574
300 0.39955619047619045
400 0.5196847619047619
500 0.6090161904761905
600 0.6713180952380953
700 0.7142171428571429
800 0.7498142857142858
900 0.7719380952380952
1000 0.7887980952380952
1100 0.8004761904761905
1200 0.8314342857142857
1300 0.8608857142857143
1400 0.8709009523809523
1500 0.8745542857142857
1600 0.8756019047619048
1700 0.8768657142857142
1800 0.8768028571428571
1900 0.8790104761904762
2000 0.8819438095238096
2100 0.8850361904761904
2200 0.8888761904761905
2300 0.8913295238095238
2400 0.8922009523809524
2500 0.8925847619047619
2600 0.8932095238095238
2700 0.8936361904761905
2800 0.8942209523809523
2900 0.8948133333333333
3000 0.8950104761904762
3100 0.8953695238095238
3200 0.89572
3300 0.8964361904761905
3400 0.8967076190476191
3500 0.8973628571428571
3600 0.8979685714285714
3700 0.8981847619047619
3800 0.8984342857142857
3900 0.8989209523809524
4000 0.8991533333333334
4100 0.8995866666666666
4200 0.8996857142857143
4300 0.9000466666666667
4400 0.9000057142857143
4500 0.900227619047619
4600 0.9006295238095238
4700 0.9009
4800 0.9012771428571429
4900 0.9015257142857143
