0 0.19932434868331905
100 0.28144615487892355
200 0.39108465966939704
300 0.4223194171124391
400 0.45580683458290494
500 0.4902541368880756
600 0.512853386772152
700 0.5296091416182563
800 0.5443305830740333
900 0.5497164750767334
1000 0.5569478959086733
1100 0.5684496319658283
1200 0.572859876008349
1300 0.5738779153390875
1400 0.5768625164561809
1500 0.578769431968066
1600 0.5812523977230488
1700 0.5842982612079178
1800 0.5865125328035863
1900 0.5858072696849488
2000 0.5934920917095656
2100 0.6024498731366755
2200 0.6100967791260417
2300 0.6142341520296267
2400 0.6169259667656627
2500 0.6186003140193608
2600 0.6193605491733682
2700 0.6199030344016538
2800 0.6191638830495432
2900 0.618107579601919
3000 0.6178988797987094
3100 0.6195201446030564
3200 0.6217958774702919
3300 0.6235399653658773
3400 0.6245133756584026
3500 0.6257175392120178
3600 0.6269099674419356
3700 0.6276081446130016
3800 0.628677774614655
3900 0.6289248379866461
4000 0.6284727296686139
4100 0.6267118344026484
4200 0.6261898114019112
4300 0.6282662426700845
4400 0.6288029099624693
4500 0.6281520718937754
4600 0.6283682554521394
4700 0.6296688127557002
4800 0.6301918054124208
4900 0.631224812253468
