0 0.19968473749050544
100 0.2847757794853116
200 0.3943001632254239
300 0.42605589942429783
400 0.4587795511984575
500 0.4931901557541002
600 0.5158627016853367
700 0.5319843512442054
800 0.5472109337414176
900 0.5524115219993809
1000 0.559453462106963
1100 0.5707613912822954
1200 0.5753607928305129
1300 0.5765201533050973
1400 0.5788726878988176
1500 0.5811914088479865
1600 0.5835954097977522
1700 0.5867296362919858
1800 0.5889006711759813
1900 0.5880849170011773
2000 0.5958859237029919
2100 0.6048716511128046
2200 0.6126448112838121
2300 0.6164995667626791
2400 0.6192123658487163
2500 0.6207725174631313
2600 0.6213858870301053
2700 0.6218520677913847
2800 0.621432629421103
2900 0.6200723761171245
3000 0.6199361270199613
3100 0.6219236731563172
3200 0.6235857629638654
3300 0.6258751456037911
3400 0.6264586796020433
3500 0.6275785079480712
3600 0.6286806835826053
3700 0.6296891258054049
3800 0.6308375465714581
3900 0.6315590700750489
4000 0.6308517184666009
4100 0.6289971892407966
4200 0.6282831246293863
4300 0.6306930926928963
4400 0.6310436606253784
4500 0.6304675855193067
4600 0.6303594315826899
4700 0.6319342523517265
4800 0.6323044620336172
4900 0.6333303083381713
