0 0.19953904046324694
100 0.36784148362338065
200 0.4438936743207332
300 0.4764234777747804
400 0.4921081191284533
500 0.5140823469984382
600 0.535615837217137
700 0.5478392210927525
800 0.5558063124604523
900 0.5680790907776185
1000 0.5791078916322419
1100 0.5879308494393607
1200 0.5941490792204794
1300 0.5962148608481507
1400 0.6012517678610425
1500 0.6056364361910421
1600 0.6060437745806756
1700 0.6084752076783494
1800 0.611284806609573
1900 0.6138809983478554
2000 0.6151726298437735
2100 0.6163636491718351
2200 0.6189612498119738
2300 0.6204720898614179
2400 0.6202335710648025
2500 0.6212406043857457
2600 0.6219829299108621
2700 0.6253215300508407
2800 0.6279250978047237
2900 0.6291402342175021
3000 0.6304665910003493
3100 0.632836944058723
3200 0.6332325968506071
3300 0.6331884236335827
3400 0.6337781733753186
3500 0.6352935716366508
3600 0.6357759962075678
3700 0.6358401426803197
3800 0.6362258502826299
3900 0.6363419603709058
4000 0.6378324127817234
4100 0.638351966060383
4200 0.6372629678020344
4300 0.6380451569620263
4400 0.6417402921482314
4500 0.6430671461905573
4600 0.6462812657077017
4700 0.6475325363092655
4800 0.6497419430497007
4900 0.6498576387550777
