0 0.10007228571428571
100 0.14680942857142856
200 0.25881371428571426
300 0.3952217142857143
400 0.5147268571428572
500 0.6037874285714285
600 0.6658831428571429
700 0.7089354285714285
800 0.7445765714285715
900 0.7679951428571429
1000 0.7846471428571429
1100 0.796808
1200 0.8285974285714286
1300 0.8585331428571429
1400 0.8687665714285714
1500 0.8723788571428571
1600 0.8734125714285714
1700 0.8745125714285714
1800 0.8747962857142857
1900 0.8766808571428572
2000 0.8793782857142857
2100 0.8824914285714286
2200 0.886798
2300 0.8893245714285715
2400 0.8903428571428571
2500 0.8909394285714286
2600 0.8914874285714286
2700 0.8920922857142857
2800 0.8925754285714286
2900 0.8929674285714285
3000 0.8934582857142858
3100 0.8940562857142857
3200 0.8945542857142857
3300 0.8949757142857143
3400 0.8954508571428571
3500 0.8960022857142858
3600 0.8963831428571428
3700 0.896912
3800 0.8972674285714286
3900 0.897604
4000 0.8979845714285715
4100 0.8983014285714286
4200 0.8985745714285714
4300 0.8988797142857143
4400 0.8991468571428571
4500 0.8994005714285714
4600 0.89956
4700 0.899808
4800 0.9001485714285714
4900 0.9003717142857143
