0 0.10066
100 0.15095142857142857
200 0.2630257142857143
300 0.40296857142857145
400 0.5231514285714286
500 0.61354
600 0.6746914285714286
700 0.71694
800 0.7522428571428571
900 0.7747228571428572
1000 0.7914914285714286
1100 0.8030628571428572
1200 0.8340085714285714
1300 0.86348
1400 0.8731514285714286
1500 0.8764771428571428
1600 0.8776685714285715
1700 0.8788342857142857
1800 0.87888
1900 0.8808342857142857
2000 0.88436
2100 0.8875742857142858
2200 0.8912028571428572
2300 0.89328
2400 0.8939085714285714
2500 0.8943228571428572
2600 0.8949742857142857
2700 0.8956228571428572
2800 0.8953028571428572
2900 0.8964228571428572
3000 0.8965714285714286
3100 0.8973228571428571
3200 0.8970057142857143
3300 0.8979428571428572
3400 0.8982742857142857
3500 0.8985314285714285
3600 0.8995457142857143
3700 0.8991657142857142
3800 0.89968
3900 0.89978
4000 0.90006
4100 0.9004228571428572
4200 0.9008714285714285
4300 0.9012542857142857
4400 0.9015114285714285
4500 0.9014714285714286
4600 0.9020228571428571
4700 0.9024371428571428
4800 0.9031342857142857
4900 0.9030285714285714
