0 0.19968473749050544
100 0.2015974460753174
200 0.20790567982208055
300 0.21748041108441105
400 0.22994819799380664
500 0.24323497126461788
600 0.25966467307054
700 0.27718362176455014
800 0.2952212120948423
900 0.31177274247304543
1000 0.32589043633276105
1100 0.33850217986123976
1200 0.35080263895605346
1300 0.35991019493814713
1400 0.3682067207104843
1500 0.37402714290864475
1600 0.37944279589114494
1700 0.38489624059402616
1800 0.39035540378091244
1900 0.3948217884185781
2000 0.3979865963707517
2100 0.40196094275424565
2200 0.40605612319106327
2300 0.4104740250295559
2400 0.4148968994628354
2500 0.4195316064340404
2600 0.4242073373122379
2700 0.4284971948349658
2800 0.43377759323926013
2900 0.43849484528392896
3000 0.4428752040317799
3100 0.4458920772890408
3200 0.4492259534639717
3300 0.45173984875852957
3400 0.4551448330389143
3500 0.45896030501896423
3600 0.4617404827643649
3700 0.4651479533421431
3800 0.46788387499393963
3900 0.47134753589281075
4000 0.47491984798777737
4100 0.47759759028056625
4200 0.48075493934055935
4300 0.4842350098022275
4400 0.48687670078281076
4500 0.48993012261175595
4600 0.49211184857454354
4700 0.49580250842544027
4800 0.4987214215653977
4900 0.502024964912128
