0 0.19932434868331905
100 0.20145547849414913
200 0.20728127109467945
300 0.21642077599827947
400 0.2281110728497568
500 0.24163958881613706
600 0.2570399137752064
700 0.2747384974558962
800 0.2924594080871795
900 0.30905673606337075
1000 0.32295464123350187
1100 0.3357906239238994
1200 0.34735842090279945
1300 0.35682472473579985
1400 0.3648481058764882
1500 0.3707512969148779
1600 0.37640794670372907
1700 0.38171900115488516
1800 0.38671998945809904
1900 0.39111444551217106
2000 0.3948150256896678
2100 0.3986625957690677
2200 0.4031244056195294
2300 0.40742637141056354
2400 0.4118098380301563
2500 0.4162556609883778
2600 0.4209202035283046
2700 0.42533208852710497
2800 0.4304233294257026
2900 0.43530880435201497
3000 0.43948851890021123
3100 0.4430578474383056
3200 0.44618357079545357
3300 0.4492193647758789
3400 0.4525463787700038
3500 0.45593731547011535
3600 0.45910217314823676
3700 0.46215778291888826
3800 0.46525648022336896
3900 0.46862118648597917
4000 0.4719439240485872
4100 0.4750639040587562
4200 0.47785897472554384
4300 0.4809666972895629
4400 0.4839120149078392
4500 0.4869608122236325
4600 0.489820501759677
4700 0.4928967229357205
4800 0.49606881573925704
4900 0.4987677164228645
