0 0.10066
100 0.10286
200 0.10858285714285715
300 0.11326
400 0.11702
500 0.12235714285714286
600 0.12936571428571428
700 0.13449714285714287
800 0.1429
900 0.15288
1000 0.1634942857142857
1100 0.17494285714285715
1200 0.18828857142857142
1300 0.20027714285714285
1400 0.21376285714285714
1500 0.2287
1600 0.24458
1700 0.25936
1800 0.2736342857142857
1900 0.2905114285714286
2000 0.3060085714285714
2100 0.32226571428571427
2200 0.3349628571428571
2300 0.35168
2400 0.3669914285714286
2500 0.38112285714285715
2600 0.3963685714285714
2700 0.4106314285714286
2800 0.42516857142857145
2900 0.4380857142857143
3000 0.4511
3100 0.4656914285714286
3200 0.47754857142857143
3300 0.49158857142857143
3400 0.5033771428571429
3500 0.5151742857142857
3600 0.5253028571428572
3700 0.5348028571428571
3800 0.5474114285714285
3900 0.5563485714285714
4000 0.5662057142857143
4100 0.5742142857142857
4200 0.5827942857142857
4300 0.5898428571428571
4400 0.5992257142857143
4500 0.6065571428571429
4600 0.6134057142857143
4700 0.6208028571428571
4800 0.6265942857142857
4900 0.6323714285714286
