0 0.10007228571428571
100 0.102062
200 0.10551828571428572
300 0.109554
400 0.11314428571428571
500 0.11819371428571429
600 0.12446571428571429
700 0.13136485714285714
800 0.13912142857142856
900 0.14850542857142857
1000 0.15932885714285713
1100 0.17040114285714286
1200 0.182802
1300 0.1954077142857143
1400 0.20893085714285714
1500 0.22281771428571429
1600 0.23763114285714285
1700 0.2535202857142857
1800 0.2689137142857143
1900 0.2844674285714286
2000 0.3001245714285714
2100 0.31550685714285714
2200 0.33074514285714285
2300 0.3460657142857143
2400 0.3611517142857143
2500 0.3762362857142857
2600 0.38999314285714287
2700 0.4042142857142857
2800 0.41796885714285714
2900 0.43150371428571427
3000 0.44512342857142856
3100 0.4583322857142857
3200 0.4711774285714286
3300 0.483678
3400 0.49568228571428574
3500 0.507242
3600 0.5178931428571428
3700 0.5280748571428572
3800 0.5383268571428571
3900 0.5482214285714285
4000 0.5577231428571429
4100 0.5663277142857143
4200 0.5744185714285714
4300 0.5825731428571429
4400 0.5902971428571429
4500 0.5978394285714286
4600 0.604976
4700 0.6117417142857143
4800 0.6183822857142857
4900 0.6242137142857143
