0 0.19942127284337527
100 0.20148349077811578
200 0.2076308610835201
300 0.2168256861041253
400 0.2290536281916289
500 0.24276315489591324
600 0.25852710913643845
700 0.27629244990214347
800 0.2942552026808916
900 0.3109839231866708
1000 0.3248979892898596
1100 0.3379381218592366
1200 0.34959280664438114
1300 0.3590794401024023
1400 0.3669732685735739
1500 0.37297378157960276
1600 0.37863657252301586
1700 0.3838737922292432
1800 0.38910313866039126
1900 0.3934810939874285
2000 0.39707437385708017
2100 0.4010010662071989
2200 0.4053118915046119
2300 0.40959818533440906
2400 0.4140537131401232
2500 0.4186236935025176
2600 0.4231717944478493
2700 0.4275859668402517
2800 0.43268312512664575
2900 0.43763607816421746
3000 0.44192643294642403
3100 0.44508626830381065
3200 0.448155685312654
3300 0.45108462651876513
3400 0.4545563264458752
3500 0.45795144841326574
3600 0.46105376742428295
3700 0.4642060610129093
3800 0.467084364628773
3900 0.47053857759754886
4000 0.4738869571739418
4100 0.47683935245213155
4200 0.479804842229927
4300 0.4831931683177753
4400 0.4858519318737939
4500 0.48866724928902255
4600 0.4915072639250265
4700 0.494777905269583
4800 0.49795373580686775
4900 0.5007723682852877
