0 0.10007142857142858
100 0.10300857142857144
200 0.10707714285714286
300 0.11099238095238095
400 0.11453523809523809
500 0.11985428571428572
600 0.1263447619047619
700 0.13246666666666668
800 0.14124285714285714
900 0.15119047619047618
1000 0.16248857142857143
1100 0.17271238095238095
1200 0.18500952380952382
1300 0.19831619047619048
1400 0.21132
1500 0.22604666666666667
1600 0.24174857142857142
1700 0.25721714285714287
1800 0.27216761904761905
1900 0.28818
2000 0.30325714285714284
2100 0.3192685714285714
2200 0.33374761904761907
2300 0.3494
2400 0.3649352380952381
2500 0.3797057142857143
2600 0.39372285714285715
2700 0.40835238095238097
2800 0.42185333333333336
2900 0.43554
3000 0.4492028571428571
3100 0.46249142857142855
3200 0.47561333333333333
3300 0.48845428571428573
3400 0.5002114285714285
3500 0.5118895238095238
3600 0.5226295238095238
3700 0.5324523809523809
3800 0.54336
3900 0.5533276190476191
4000 0.562632380952381
4100 0.5721161904761904
4200 0.5795257142857143
4300 0.5874895238095238
4400 0.5955571428571429
4500 0.6033971428571429
4600 0.6105571428571429
4700 0.6174009523809524
4800 0.6236580952380952
4900 0.6298390476190476
